294175.0
295270.0
299111.0
299185.0
299449.0
299697.0
299719.0
300651.0
301407.0
302020.0
303056.0
303125.0
303440.0
303448.0
303681.0
304613.0
310330.0
311008.0
311013.0
311824.0
312198.0
313220.0
314612.0
316485.0
316689.0
316788.0
317026.0
319273.0
321535.0
322152.0
325006.0
327718.0
329943.0
330039.0
331194.0
332480.0
333094.0
333213.0
333566.0
334657.0
334753.0
336079.0
337929.0
338924.0
338962.0
339160.0
339344.0
339531.0
339650.0
339946.0
340254.0
342031.0
228891.0
229233.0
229551.0
229779.0
229896.0
230201.0
230448.0
230808.0
231433.0
231560.0
231729.0
232054.0
232128.0
232292.0
232897.0
232954.0
233024.0
233411.0
233795.0
234690.0
235110.0
235119.0
236164.0
238230.0
238718.0
239341.0
239348.0
239603.0
239734.0
240169.0
240244.0
241735.0
241882.0
241989.0
242623.0
242647.0
243444.0
243773.0
244228.0
244295.0
244648.0
244666.0
244708.0
245090.0
245474.0
245818.0
245949.0
248041.0
249552.0
249786.0
250761.0
251005.0
253124.0
253733.0
254555.0
