294175.0
295270.0
295746.0
296060.0
296100.0
297221.0
298209.0
298980.0
299111.0
299327.0
299697.0
299924.0
300501.0
302081.0
302608.0
302874.0
303718.0
304161.0
305341.0
306681.0
307587.0
308103.0
309366.0
309380.0
309488.0
309763.0
310179.0
310673.0
310886.0
311008.0
311013.0
311502.0
311943.0
312582.0
313204.0
313305.0
314394.0
314612.0
316310.0
317026.0
317521.0
317725.0
318047.0
318375.0
318648.0
319258.0
319273.0
320579.0
322398.0
324302.0
324491.0
324914.0
325594.0
325876.0
326047.0
326070.0
326326.0
326509.0
327564.0
329203.0
329526.0
331194.0
332483.0
333564.0
334131.0
334633.0
334753.0
335963.0
336079.0
336548.0
336651.0
337466.0
337929.0
338483.0
338518.0
338843.0
339160.0
339650.0
339947.0
340254.0
341305.0
341306.0
342299.0
343483.0
344280.0
344290.0
345635.0
346677.0
346924.0
348154.0
228891.0
229226.0
229869.0
229871.0
230354.0
230690.0
231122.0
231686.0
231729.0
231749.0
232053.0
232663.0
232897.0
232978.0
233033.0
233795.0
234008.0
234319.0
234597.0
234985.0
235110.0
235138.0
236159.0
236164.0
236920.0
237381.0
237813.0
238051.0
238284.0
238325.0
238718.0
239341.0
239374.0
239411.0
239603.0
240034.0
240890.0
241511.0
241716.0
241882.0
241942.0
241989.0
242198.0
242306.0
242423.0
242647.0
243097.0
243130.0
243342.0
243540.0
244113.0
244228.0
245090.0
245348.0
245542.0
245818.0
245998.0
246559.0
246740.0
249786.0
250011.0
250790.0
251524.0
252088.0
252101.0
253124.0
253135.0
253733.0
254273.0
