294175.0
294526.0
294985.0
295084.0
295233.0
295270.0
295309.0
295902.0
295928.0
296054.0
296100.0
296287.0
296675.0
296970.0
298608.0
298980.0
299111.0
299143.0
299353.0
299543.0
299697.0
299924.0
300043.0
300285.0
300340.0
300367.0
300448.0
300972.0
301205.0
301327.0
301523.0
302020.0
302344.0
302377.0
302472.0
302682.0
302700.0
302766.0
302769.0
302874.0
303125.0
303440.0
303681.0
303981.0
303984.0
304369.0
305230.0
306050.0
306135.0
306216.0
306629.0
306641.0
306797.0
306894.0
306923.0
307306.0
307550.0
307587.0
307727.0
307845.0
307882.0
308103.0
308182.0
308239.0
308303.0
308438.0
308614.0
308643.0
308898.0
309380.0
309488.0
309489.0
309557.0
309656.0
309763.0
309926.0
310120.0
310143.0
310191.0
310330.0
310398.0
310569.0
310605.0
310886.0
311008.0
311268.0
312198.0
312361.0
312521.0
312690.0
313036.0
313177.0
313220.0
313279.0
313353.0
313992.0
314394.0
314902.0
315019.0
315058.0
315436.0
315751.0
315892.0
316310.0
316385.0
316397.0
316692.0
316788.0
317026.0
317219.0
317281.0
317498.0
317730.0
317775.0
318365.0
318375.0
318811.0
318980.0
319223.0
319258.0
319273.0
319545.0
319961.0
320980.0
322152.0
322398.0
322992.0
323478.0
323638.0
324264.0
324302.0
324417.0
324479.0
325478.0
325594.0
326003.0
326166.0
326397.0
326516.0
326653.0
326991.0
328192.0
329526.0
329675.0
329943.0
330039.0
331194.0
331513.0
331753.0
331764.0
331888.0
332321.0
332480.0
332679.0
333213.0
333509.0
333712.0
333748.0
333853.0
334297.0
334657.0
334753.0
335087.0
335178.0
335226.0
335277.0
335340.0
335694.0
336194.0
336292.0
336472.0
336524.0
336651.0
336892.0
337095.0
337120.0
337257.0
337525.0
337929.0
337963.0
338077.0
338285.0
338339.0
338924.0
338962.0
339160.0
339344.0
339585.0
339629.0
339946.0
339947.0
340254.0
340307.0
340625.0
340736.0
340787.0
341039.0
341306.0
341470.0
341733.0
342014.0
342368.0
342486.0
342545.0
342744.0
343161.0
343804.0
343830.0
343887.0
344045.0
344052.0
344290.0
344315.0
344754.0
344894.0
345139.0
346247.0
346292.0
346405.0
346677.0
346766.0
346858.0
346924.0
347106.0
347882.0
348018.0
348335.0
348738.0
349087.0
349091.0
350153.0
229006.0
229092.0
229142.0
229164.0
229226.0
229449.0
229474.0
229599.0
229779.0
229871.0
229896.0
229992.0
230062.0
230078.0
230201.0
230248.0
230354.0
230511.0
230690.0
230804.0
230955.0
231297.0
231344.0
231356.0
231515.0
231560.0
231571.0
231700.0
231729.0
231749.0
232090.0
232111.0
232117.0
232295.0
232352.0
232628.0
232897.0
232903.0
232957.0
232978.0
233033.0
233046.0
233286.0
233492.0
233509.0
233650.0
233795.0
233850.0
233956.0
233984.0
234319.0
234375.0
234660.0
234743.0
234914.0
234986.0
235054.0
235110.0
235119.0
235414.0
235831.0
235834.0
235868.0
235924.0
236164.0
236181.0
236191.0
236245.0
236248.0
236322.0
236747.0
236971.0
237183.0
237813.0
237823.0
237981.0
238143.0
238171.0
238284.0
238392.0
238730.0
238848.0
238959.0
239271.0
239348.0
239411.0
239419.0
239603.0
239734.0
239750.0
239836.0
239882.0
239885.0
240012.0
240034.0
240096.0
240244.0
240321.0
240396.0
240440.0
240493.0
240710.0
240890.0
241315.0
241420.0
241477.0
241511.0
241735.0
241766.0
241770.0
241882.0
241942.0
241989.0
242160.0
242306.0
242447.0
242623.0
242647.0
242693.0
242706.0
242886.0
243080.0
243130.0
243342.0
243489.0
243563.0
243609.0
243881.0
243956.0
243982.0
244052.0
244113.0
244133.0
244194.0
244224.0
244286.0
244295.0
244648.0
244666.0
244670.0
245090.0
245415.0
245474.0
245542.0
245598.0
245606.0
245662.0
245818.0
246071.0
246081.0
246148.0
246559.0
246740.0
246890.0
247011.0
247083.0
247150.0
247242.0
247335.0
247737.0
247852.0
247924.0
248727.0
249571.0
249786.0
249824.0
249861.0
249919.0
250196.0
250223.0
250657.0
250790.0
251006.0
251007.0
251524.0
251669.0
251735.0
251920.0
252088.0
252101.0
252748.0
252999.0
253135.0
253326.0
253386.0
253504.0
253549.0
253647.0
253733.0
253818.0
254019.0
254223.0
254259.0
254313.0
254576.0
254603.0
254616.0
254736.0
